pendulum:
action_size=10
-109.86744211327112
-194.82842727796123
-290.12724082058617
-99.3812089401304
-109.14348792680119

action_size=5
-226.48385028776585
-111.90301356006611
-214.7895135479392
-110.02843472716742
-108.54624451640471
-105.47999489188689
-110.4981237773378
-284.50729902302083
-196.2480474209673
-212.7936266131021

action_size=10
-110.11722545845073
-109.57688982962738
-108.36628428198301
-108.91784100723619
-108.88069490864657
-0.9657083526069377
-198.0431598136493
-109.16772667212285
-111.36256383838214
-110.6373574942311



77.85482127611381
77.85482127611381
77.85482127611381
77.85482127611381
-209.8657326328641
