77.85482127611381
77.85482127611381
77.85482127611381
77.85482127611381
77.85482127611381
73.7287412749771
73.7287412749771
77.85482127611381
77.85482127611381

gravity:50

66.89669116789857
66.89669116789857
71.81393044595359
71.81393044595359
77.85482127611381
77.85482127611381
77.85482127611381
64.48391852949264
64.48391852949264
77.85482127611381

action: 10

57.86657778452312
57.86657778452312
77.85482127611381
77.85482127611381
68.83389185508568
68.83389185508568
76.24074452117061
76.24074452117061
64.83907934419771
64.83907934419771
77.40518444660118
77.40518444660118
65.53878166524818
65.53878166524818
62.65357195457301
62.65357195457301
70.0619608687668
70.0619608687668
